  	d3	d4	d5	d6	d7
3 	0.6667 	0.8571 	0.9231 	0.9524 	0.9677 	0.9767 	
4 	0.0 	0.45 	0.7104 	0.8287 	0.8882 	0.9215 	
5 	0.0 	0.0 	0.6527 	0.8867 	0.9489 	0.9716 	
6 	0.0 	0.0 	0.0 	0.5227 	0.8348 	0.9279 	
7 	0.0 	0.0 	0.0 	0.0 	0.5743 	0.8882 	
8 	0.0 	0.0 	0.0 	0.0 	0.0 	0.5154 	


 [[0.     0.     0.     0.     0.     0.     0.     0.     0.    ]
 [0.     0.     0.     0.     0.     0.     0.     0.     0.    ]
 [0.     0.     0.     0.     0.     0.     0.     0.     0.    ]
 [0.     0.     0.     0.6667 0.8571 0.9231 0.9524 0.9677 0.9767]
 [0.     0.     0.     0.     0.45   0.7104 0.8287 0.8882 0.9215]
 [0.     0.     0.     0.     0.     0.6527 0.8867 0.9489 0.9716]
 [0.     0.     0.     0.     0.     0.     0.5227 0.8348 0.9279]
 [0.     0.     0.     0.     0.     0.     0.     0.5743 0.8882]
 [0.     0.     0.     0.     0.     0.     0.     0.     0.5154]]
